31.7569717784	18.4326982763	17.9693132178	20.3261446348	19.8591178638	23.9324544332	22.2373819059	21.2719430699	19.906290929	17.9591845658	20.7864365216	23.1296080665	23.5690793912	20.6294245258	21.5826260661	22.229203512	20.2010721609	21.0714546281	22.8371939178	21.4666608079	22.2054579342	18.6169415386	20.4878532593	22.8274739366	22.7135006275	21.8225000228	20.4714906942	21.4734859399	23.6765920897	21.914158732	22.5970721661	21.7483665231	19.2438652248	20.8147499236	22.9827917566	22.6267047876	21.4857791051	23.7758670036	21.7667490171	22.8332342733	21.6381852211	22.2597173585	20.6768890394	20.7952790451	18.6084503447	24.7199687824	20.8418753662	21.940471186	24.3141862516	21.5974467524	19.4698732139	20.209733658	21.4423438284	21.1308991407	20.6931995952	22.8178398568	20.4734988982	21.8309010753	21.3945182856	23.2672029332	19.7079912477	20.9783168951	23.0370163683	19.8459541244	23.9218471837	19.2921057679	22.9183308271	23.4211781197	18.9977529032	19.4612295306	19.1385843646	21.2110102017	21.216026927	22.2962857415	20.2430803445	21.6456931312	20.4122833156	22.8077310965	20.532946566	21.6851996222	20.5867306166	21.1388743004	23.9000144754	21.4614892357	24.6603873063	22.8520532783	21.6074833457	21.9351076171	21.8319915888	22.0791091452	19.6559352424	23.4023271962	25.6331546226	22.1129618733	20.2966657893	19.2441546766	18.2016683661	19.264590753	22.6274894025	23.5388965034	
18.4326982763	23.9861318034	16.899929847	16.9204095062	17.7848343545	19.1249766111	17.0277349176	18.2637300853	18.0550976228	16.2690363206	16.4893840609	20.2866841006	16.8091231577	18.5841921295	16.1828120527	17.5370238309	17.5349206596	16.3868731702	16.5142756707	17.1119417698	17.9524475982	18.345203373	16.5916626671	17.1244505797	17.522433381	16.636198428	15.8014787592	17.7134061836	17.5559940277	13.9611424918	17.2055765911	18.3105382081	14.9310446523	15.5566321788	18.4138614933	17.6297874855	16.5191406666	18.5683012578	19.0186471007	19.1556808482	17.1121696447	17.963621589	16.9769475785	16.2452051502	15.0852003535	20.1704865675	17.7292211418	15.8716358157	18.7847693174	17.7059781018	15.8453485053	15.8812295734	16.7348483327	16.6940945116	15.9342249119	17.3597251886	16.4077924116	17.2774007005	17.496806238	16.8187440381	15.8268110804	16.4683886938	17.8833209091	16.9929268307	17.8954536759	14.6144681072	16.1190844694	17.4618558767	17.7918476166	16.5619990338	13.2671884321	17.702080161	16.0520074931	17.0173831492	15.6257927863	18.8381686858	16.1561664858	17.920422542	17.0340039113	16.1159849758	17.496480193	16.9712218267	18.0519762093	17.3463191444	18.743502393	18.1715217214	17.2475330573	15.6350456144	16.466085668	15.6601796219	17.0286135988	19.0545416439	19.325014269	20.3847422361	14.5130243312	17.4063544133	16.2955150654	16.3305194237	17.9491721074	19.1302275614	
17.9693132178	16.899929847	25.0677203107	16.5328336001	19.1240290368	18.6290824364	17.3148770024	17.0106057228	17.5516472743	16.8793083196	18.8876623127	18.8815079507	16.5544108486	19.4444577354	15.1229369833	19.6202438352	18.7290494707	17.486179641	17.9685735001	16.0144415074	20.18721582	18.9054840559	16.5638449263	17.4470006933	19.3171541789	19.2265918146	14.9395663461	19.7493660712	17.1508969786	16.0675197914	18.218218459	19.3716264138	17.0384600914	17.1026144354	18.3257763624	17.5054707595	16.524808601	19.8096288652	18.9694170286	19.5464936783	18.1631835815	20.6853460475	18.1254669542	19.6076598311	17.9466353446	20.3229519888	17.3910549714	19.3309572025	20.9185042566	18.8217957436	18.3687691829	14.9464787982	18.1206462369	17.0270161786	16.00450236	19.4065192315	17.2598986563	19.392681101	17.7108274119	18.2659768259	16.2209057757	17.7521190254	18.3360737167	16.1298569023	19.7152520783	15.725252545	17.2859119296	17.5817862501	16.9059462222	16.82935502	14.4379049734	18.9197210812	17.1200780463	20.0448011655	17.3231639566	17.9441848351	16.0626865552	19.7752726268	19.316395531	16.8251618018	17.9805238704	19.5999604227	18.078330516	17.0821478708	18.9408773198	19.0666420221	20.5137249017	16.6244480222	17.098627024	17.5873169106	17.2960547241	19.7022013052	21.7244295255	19.5076633941	18.5125303241	16.6933267084	16.2427430191	16.9857887165	17.4719978733	18.3803816107	
20.3261446348	16.9204095062	16.5328336001	28.4534594338	18.9495863901	18.8744179829	18.4058616294	19.4273193704	18.4533724044	17.4362973124	18.9543443331	21.6816441465	19.6893117014	17.6392614668	18.7465237147	19.9202797677	20.0244797441	20.3787916644	21.3839044207	19.4777746253	18.3980207634	18.1366139362	19.2969702354	19.9450050983	18.5748835481	19.0527591166	18.1175517938	19.169404533	20.4198392975	19.7208804414	18.6565222098	20.7360089597	17.4582707481	17.8630268038	20.8961915238	21.4541145251	17.1086357214	21.829183696	18.6577908164	20.0471149024	17.3033087479	20.0771565485	17.7059951272	19.7373952972	16.4917484995	19.8821886699	19.3012160493	17.5811196646	22.6787083751	20.6601327387	16.8204739543	17.0033402661	18.6007715985	19.5277027903	18.7366356231	19.7814931264	17.2512165682	17.8915120747	20.247984753	18.5385114895	18.7815851321	18.3914531076	18.8643448183	17.1498764819	22.3200250565	17.1505847308	18.1712618153	20.9461678509	18.0791400681	16.0454619713	16.6226600603	19.9287585815	17.5138232358	19.1103154709	17.0851782062	19.9711104052	18.8718386924	20.0942894336	20.2677658889	16.9545568094	19.2694583941	18.9049750127	21.2205557731	20.2912038521	21.6529241092	20.8064733542	19.864039844	19.0843916366	18.8692546348	18.1256912658	20.3582950035	19.8724340496	21.1309128891	20.0000581005	17.1809286759	18.3479456129	16.5893821599	16.3069646448	19.2898304167	19.7922767537	
19.8591178638	17.7848343545	19.1240290368	18.9495863901	29.7114755524	19.9470709141	18.9981793673	20.0425752409	20.0159309534	17.7467936499	21.8544189854	21.4768866828	19.4383701426	19.2710537028	18.119800204	22.0228586843	21.9942381454	21.1440266334	21.4247999673	19.2593945599	20.1588453698	20.864798627	20.2667978573	20.1491351176	20.8583571674	19.8057835597	18.9964053359	20.9622653415	19.8271134883	18.1061084654	20.9378517682	21.1833647802	18.0248725393	21.4208979353	20.2710612226	20.2699164803	19.2142981628	20.9041695406	21.8371774053	21.587298166	19.0180758521	20.6263351525	19.7298507708	22.8281856879	18.407505986	21.2957589056	19.9393594159	19.9905109241	24.7163975564	20.1003864305	19.1527894801	18.7792131945	20.2910537185	19.9371589121	19.434353828	21.1859415746	19.9097961466	18.2137570263	19.3706161826	17.9893503614	20.7660595377	20.9996549764	20.2312474212	19.2741459898	23.216881121	16.8453121429	20.0189264478	21.7018002201	19.1533559144	18.8200502138	19.365630334	19.5240252304	18.2794924192	21.2568414653	16.8521114267	19.6256145968	18.0799044773	22.0374207996	21.7325619395	19.3211555488	19.176391502	23.1584841579	21.221339104	18.3995650126	23.3425446358	22.0032428261	21.6396160888	17.3790000038	20.1490786575	19.3295848367	19.4692340074	21.4195990469	24.3600445302	21.6321979641	20.4794293419	19.0002243709	18.6332986284	17.6708339016	21.2516417504	20.7892275073	
23.9324544332	19.1249766111	18.6290824364	18.8744179829	19.9470709141	32.9812456501	22.2118415405	20.7229861057	20.13523823	19.438059321	21.3500449539	24.9287136787	22.3926547288	19.5259779109	20.064337565	22.3975071418	21.031047621	19.8814448067	23.4254071094	19.6427005203	22.9673259681	19.9890234137	20.7348764422	22.0687284523	20.8471507841	21.6428759569	19.4654695072	23.6116331357	21.5863069034	19.8535479743	22.2928287823	22.6948842624	18.6846565811	19.9727786914	23.2541047621	21.6146819391	19.9375308152	23.8555819613	22.3040022665	22.47587109	21.3501174461	23.6638692541	20.0748261619	21.3069628525	18.8054755922	24.9152765776	20.5902974785	21.8503503814	24.7733385646	21.5302497977	19.7617897391	20.7168061608	22.226397932	21.7778542809	22.1054821465	22.4343887566	21.1778383843	20.6003598525	21.8626480076	22.4803936676	19.3549897685	22.7405363139	22.8482981906	20.7846254951	22.7209830081	18.104221534	19.6145787198	21.3066951651	20.0767864331	20.5010943558	19.907564	22.0964366874	22.0256552134	21.7252096322	20.654519674	22.2705596893	20.4464191126	22.0516040085	22.1346308396	20.5280710245	20.666830368	21.7364858092	22.3256880091	20.9766361354	23.621807361	21.7034607968	20.4716853864	21.5128969258	21.6484917449	20.2140802658	21.398473014	25.7236253272	24.0952617942	24.1678872658	19.9689021442	20.5703811821	20.3538135048	19.7844915701	22.4015510679	22.805786058	
22.2373819059	17.0277349176	17.3148770024	18.4058616294	18.9981793673	22.2118415405	27.9791100365	19.8886323751	18.8230659401	15.4197664022	21.7779535211	21.3390336918	20.6775321023	18.1310633022	19.6310248491	20.303622168	19.127539647	19.0528607761	21.2559795421	17.568099646	20.673816811	18.4398844255	17.3574806773	19.4172586903	21.017063201	19.2340475409	19.6426590538	21.7556130584	20.3264495014	19.3764747016	18.7618309326	20.560565421	17.4095642434	19.0441815252	19.3007338363	20.8881237934	19.8432964305	21.8642061035	21.3195857547	21.399388746	20.3243922926	20.6267356373	19.4843847824	20.0761965753	17.997992466	21.7293708326	19.6586489997	19.3521185468	21.0550309788	19.0915687529	17.8348699073	18.9248237418	20.2115320578	19.8127688679	19.3411882604	18.0291250267	19.2027221452	19.5168691078	19.760674118	20.4716729754	17.4831105687	22.0961293876	22.0676827194	18.5463149883	21.1482386636	17.3148923135	19.7930496492	21.4565983621	18.2158844133	18.6246651064	18.0117253179	20.6374527181	19.2292874943	18.1038285862	17.3845979953	22.3791141252	17.4654557325	20.3452635208	20.2440626542	19.1879967473	18.9553490281	20.7554535253	21.3628766881	20.6954297055	22.7451556079	18.9859318957	19.9122627721	20.107618148	20.0665631938	19.054315475	19.2831428222	21.7388263546	23.2844254135	21.6350300761	19.3978328459	18.4546401484	15.8104450903	17.9551337428	20.8010091383	21.7197839646	
21.2719430699	18.2637300853	17.0106057228	19.4273193704	20.0425752409	20.7229861057	19.8886323751	29.8805324856	19.904888255	18.35650144	21.2404750559	22.8162898895	19.7833436802	19.5811881066	17.5690145459	21.3999548341	21.8331896707	19.2603342947	20.3445516317	19.6317279219	20.9208413448	20.0903117609	18.0814533646	19.727968608	21.1245055088	19.1641155431	18.2331770095	20.1254244566	20.7760773907	17.3579535888	19.8509003769	19.9940210579	18.0931514982	18.3798904264	19.1002482543	20.8526080949	17.9438794882	21.1572472681	20.5904826298	21.070680392	19.1522221545	18.8445672775	19.4522742167	20.632780018	19.1465923888	21.6596224087	20.0738322979	19.2919310659	23.1054556071	19.3991840207	18.2275762446	18.5842190514	20.6178308028	21.0527783632	19.7460611902	20.010305567	21.0384761925	21.4611061188	22.4732076431	20.2488500876	18.6826383199	21.020929755	21.9583646578	18.5121076664	22.7131539665	17.4222666494	18.5268968401	20.2306184946	19.665000656	18.5026656202	18.5667853175	20.4261926607	20.6048265162	19.7129012642	19.4505738492	21.0899513264	17.9686871214	20.4280382743	20.5582875443	19.0654695792	19.8586477373	21.5014854074	21.1587203754	19.174238636	22.6263505214	21.0975427837	20.8670342195	18.5305080653	18.7991104426	20.1395637058	21.2399692395	20.6251470325	22.7538314952	22.3114061147	19.7645474767	18.790175858	17.8361876012	19.9966936512	20.8068446118	20.6909240014	
19.906290929	18.0550976228	17.5516472743	18.4533724044	20.0159309534	20.13523823	18.8230659401	19.904888255	26.121598806	17.9624232224	19.6800922544	21.6102389316	20.0028028845	18.597387576	17.930662879	19.775989285	19.7529662053	19.0388763499	19.5168621909	17.7868395064	19.7901368039	19.3119979456	17.3026308001	18.8866212892	19.1893605472	18.9963667508	17.285566127	19.951234921	19.1468864718	18.9017864405	18.2559054178	21.0361164476	16.7098284147	18.3422854592	20.5967894311	19.3326379055	16.8575463172	22.9431510678	21.1166788734	18.4431340273	17.9320103236	20.2600867207	19.1553607195	19.2092572825	17.5450275676	20.6375342788	18.9674579194	18.2674601707	21.375148806	19.2310918304	16.6331914642	17.4809569207	18.7721028119	18.4624337779	18.5944953023	21.1596574617	17.9727061285	18.7640524165	20.0091814572	18.496157409	19.1911516055	17.8765939635	19.0512578098	17.2941620586	21.1366036371	18.210334324	18.8554782414	19.6443771398	18.3603088866	18.1139532422	17.6621545529	18.6624930055	19.3111950201	20.0048655629	16.9429260859	19.85494478	16.8815544089	20.0398258543	18.8937342548	16.8764750817	18.0034800479	18.9898758152	20.4002985016	19.1069470114	20.0454850315	19.3142661181	18.5620938585	19.6474950346	17.8819335265	18.785114571	18.7814115314	21.6398835331	20.1365620158	19.7821167265	18.6890331116	16.2265898683	17.638932324	16.6686318747	20.3912750895	20.2593665297	
17.9591845658	16.2690363206	16.8793083196	17.4362973124	17.7467936499	19.438059321	15.4197664022	18.35650144	17.9624232224	26.7049443132	15.5698273306	21.0860015918	16.5669011328	17.5029942295	18.5634980914	17.7807569175	17.9403922877	17.3646324052	16.4566723483	16.9872192746	20.0498241473	17.5656907533	17.9822452977	16.5097890515	17.7059065071	18.6865844917	15.6223690587	18.5096713228	16.5294337521	15.4025044769	17.1634967353	18.868100542	15.3775305345	15.5563344431	18.2638934042	18.5990632578	15.9772010736	20.2813986879	20.5369047498	17.4195799559	17.2590393673	17.586961128	15.2496902391	18.0266507457	15.2408209462	18.8558141435	16.216040292	17.8479338125	20.4398514914	19.8511294265	16.4808969313	15.847274673	16.836537161	17.3724480787	15.932822512	19.3637132879	17.5256704959	16.7430098633	17.225051872	18.4680218015	17.0965716279	17.6529113518	17.6686953271	15.7792470828	18.6764411361	15.9581566504	18.0645855009	19.0712123294	15.8377198358	14.8563553954	14.9953820193	17.6052778652	14.986514411	20.0438806167	17.5735667625	17.9422620924	17.9374943864	20.7742864791	19.6751412579	17.1868478109	18.7779446443	19.1685520215	17.0851845674	17.6332746667	19.4823050243	19.2446990449	18.6323171	17.2023059199	17.5994888319	16.0214150393	18.7100373366	19.0868817413	20.0767513353	19.0977638942	17.4963045597	17.1031988585	17.2121826534	15.1892612083	16.3806168661	19.9865053617	
20.7864365216	16.4893840609	18.8876623127	18.9543443331	21.8544189854	21.3500449539	21.7779535211	21.2404750559	19.6800922544	15.5698273306	30.4151214844	21.8224964049	18.8925393083	20.1279797328	18.9320965653	20.6167179138	20.6798214433	18.8793658593	22.9611980294	19.4841051609	20.9758940777	18.8802268985	19.6947750667	20.2321350787	21.5182724313	19.2793700097	19.3919272343	19.3306285799	21.8276051812	20.6146868934	20.0303303289	22.2212172198	18.8510935792	20.4615894451	20.1218908447	21.3831973504	18.5148647814	22.6274874406	21.2473384171	20.18872401	20.3353043253	19.9481885442	20.3556676107	23.2631160278	18.6319135584	24.2424844513	21.3375040702	20.4839381754	25.0807629966	19.8981692907	19.2075056033	19.2136921442	20.0585734873	19.2546340177	20.4911042428	19.866331371	21.5115413801	19.7667305774	20.7967239941	19.7200364352	19.240436464	20.4335691086	21.9034676426	18.8229001474	22.7987783104	16.7626450879	17.624971178	20.6204516675	19.668210999	17.5666400569	20.549210825	21.4920827459	20.8359121649	20.6209094176	18.8399159817	20.9691036514	17.9179809178	20.8988962979	21.8477056563	19.4678980983	18.8700310971	21.4960891416	23.7809130985	19.3997629409	23.3270180758	20.6275016583	20.7268227035	18.6994870142	20.9346108603	19.0958063959	21.4807773352	21.9331972109	24.3351340216	22.1519905389	19.7422662	20.8241052727	18.5612880518	19.3768555566	22.0315789656	20.3096941228	
23.1296080665	20.2866841006	18.8815079507	21.6816441465	21.4768866828	24.9287136787	21.3390336918	22.8162898895	21.6102389316	21.0860015918	21.8224964049	33.2517023388	21.998710009	21.6629229923	22.3825029804	23.8339765365	21.7731393498	21.4860321337	22.2989631064	21.8857891072	21.4370135231	21.8905259577	22.3086304413	23.1267553149	21.3675678146	23.9704755503	20.3154690827	22.398353604	23.5598280655	20.4273925389	23.5461580524	23.857151804	20.3958871861	21.1367621701	23.978231139	21.6557984665	20.6884273367	23.8453939945	23.8364684146	20.4635413724	21.2863046632	21.9698945936	21.0251218257	23.7590901531	20.0794537039	25.1138600082	20.7720293308	21.2768284784	26.365275848	22.793113469	18.7675003416	20.8517928991	20.5322329248	22.7077379733	21.3771294029	23.4217498918	22.4587932509	20.4071518025	22.0786743037	21.8950830552	21.4368100911	20.9024137414	24.5329990362	19.4883772318	23.0247719487	19.6374266064	20.79144029	21.6869793953	20.3117591472	20.3745735336	19.1162356954	22.6824390874	22.4741410598	21.3523630715	20.1641481732	21.075113077	19.7587993009	23.5911415121	22.2641166993	21.4794435931	22.0737109	24.7531031376	23.4118785303	21.5737726327	24.7530901391	22.5169003982	21.0237459348	21.5714444429	21.3788150627	20.9190611093	23.3356880928	23.1604410889	26.2106739159	23.3399653127	21.4201103459	22.6777018614	20.7745140338	20.8323316948	22.2756795224	22.3144281553	
23.5690793912	16.8091231577	16.5544108486	19.6893117014	19.4383701426	22.3926547288	20.6775321023	19.7833436802	20.0028028845	16.5669011328	18.8925393083	21.998710009	29.9445351421	18.982169118	20.485345775	21.728566378	19.2648065058	20.3588928262	19.036740512	18.5764617242	21.210058463	18.6806140286	20.5811423324	21.1187890262	21.4135377209	18.8849504816	18.4052246322	20.232543177	21.6548416992	20.3390412933	19.1690605522	21.5370937715	17.4339117578	21.2341220275	22.1298981858	21.3902024751	18.5172850137	22.9054915129	21.0665334843	21.8307223144	19.9578979916	20.6265080287	19.7399125837	20.1009311046	18.0373135493	22.2864131382	19.1479213201	19.5463937161	23.253645652	20.1418280207	17.7330298378	18.7497215875	19.3930784846	18.863262377	19.6493258449	21.5461608802	19.4291812348	18.8756191858	19.4770004127	22.4815352271	19.4687291539	20.7543081021	20.9386282197	17.2533160096	23.2932704886	18.3296744311	19.5850804519	20.8085272529	17.6602702956	19.5715202593	18.538507991	19.9027682301	19.8692468596	21.1520225328	19.1793172658	19.8771129796	18.165412159	20.2456629331	21.8911562809	20.2648269213	18.6503099865	21.520130378	22.1223010526	20.3946500034	23.051835743	21.3589168299	19.0461654749	20.1980049345	18.6400949559	18.4907859167	21.2675170664	21.6927776738	23.9710516219	22.4966800497	20.705539878	18.211362357	17.5742674851	18.8338735291	21.784875287	20.2776787466	
20.6294245258	18.5841921295	19.4444577354	17.6392614668	19.2710537028	19.5259779109	18.1310633022	19.5811881066	18.597387576	17.5029942295	20.1279797328	21.6629229923	18.982169118	28.9008232761	16.5914719592	20.7532321439	20.3677988836	18.2155744431	18.0729950313	18.8838320119	21.5606434924	18.5940444631	18.0947301841	20.5131189793	19.7312785159	18.7937755704	16.7417483909	19.6791601747	20.5243862512	16.5337622289	18.4984831347	21.4071497485	15.6486068504	17.4902189366	18.9695845879	19.8892192634	17.1330523197	22.1009746129	21.0674821828	19.2955469905	18.8988906466	21.0602359399	19.168866099	22.0207628961	18.8117124439	21.2433388626	20.0161809571	18.6541552586	24.3667074939	18.7342120911	18.8821840818	16.3861831621	18.4759526427	19.8486251388	19.1746216041	19.7298498056	17.8370817815	19.0702762201	17.9484086828	20.4360257684	17.8168742137	17.9079555339	20.9622625991	18.7986737318	20.5233295201	17.2171389875	17.9664806823	20.4748876515	16.6318612566	19.7880955806	15.320020084	19.6621295114	18.929110061	18.85746436	18.8137680699	19.3154805032	17.7605323374	20.3276392214	19.5543648118	17.7033145193	18.3290411171	19.8433738375	20.1037683122	20.6797357791	23.3542668525	19.6599700832	20.3011912306	17.3603030731	20.7475654272	17.4596371369	19.5845132313	22.1523013152	22.860130085	20.5079837637	19.658511462	18.9674089184	18.0888107298	19.2813957593	19.9935936497	20.7217376453	
21.5826260661	16.1828120527	15.1229369833	18.7465237147	18.119800204	20.064337565	19.6310248491	17.5690145459	17.930662879	18.5634980914	18.9320965653	22.3825029804	20.485345775	16.5914719592	28.7516376006	18.4874304967	19.1293722908	19.966931647	20.0174753494	18.3982379522	20.9109993358	18.0533637286	20.0254917051	21.2630207192	20.061568033	19.708638504	19.1825467389	19.207275526	20.0411828655	19.1706554125	18.4810601637	20.2984073068	16.1691516917	17.6715147816	20.0523241076	20.2086956861	19.7241273178	23.1215843748	21.2675864625	18.0788923718	17.837017154	17.6461151475	18.808477704	18.6397621239	16.5141889668	21.4814436173	17.7264462327	17.6403375658	21.3662727111	20.4990550665	17.9090946766	19.2608456462	19.0495279337	19.4597163878	17.1602156855	20.6172250914	18.2946594	19.5436407408	18.8552370969	20.6158811713	19.0095314815	18.6101796665	20.4382193403	17.2651742894	19.6752964736	16.8090643704	18.3031336503	19.9962205595	18.6291010679	17.4152297738	17.4088536154	18.2167878597	18.5404692694	21.2453497629	18.1074038291	19.6775281442	16.7085105029	21.34783833	19.1596181531	16.9319573857	18.1310709728	21.1294658719	20.6156532104	19.9820589342	22.0035061115	20.5975333753	18.1104123744	20.8222639087	19.9534431013	17.6564940177	19.3316971989	20.6301097809	23.8085354865	20.3592212521	19.3017763025	18.3572914162	18.0028075182	17.2283821835	21.6222672122	19.4780306969	
22.229203512	17.5370238309	19.6202438352	19.9202797677	22.0228586843	22.3975071418	20.303622168	21.3999548341	19.775989285	17.7807569175	20.6167179138	23.8339765365	21.728566378	20.7532321439	18.4874304967	30.6868571701	23.3357094087	20.3919000815	21.7076345892	20.5030644496	22.8775616744	20.7031363959	20.5590182126	20.192667741	19.2973351117	21.5836580983	18.168718471	21.0102805552	20.9811886342	18.8733223564	20.9125230832	20.5837011604	19.3350731071	20.423291814	22.452084109	19.7376596694	19.8490384761	21.7700206039	21.8255477352	21.1576822084	19.9310729071	23.0411834319	21.732973762	20.9819088206	18.8814131532	21.8303299132	19.6680563303	20.738164489	26.7921091286	19.3851822353	19.0046131513	16.5535804935	21.0514522719	22.5780331924	19.7663326505	22.583268592	21.0461481579	19.9829912634	19.842265224	22.2279170356	18.9925696449	20.1985836038	20.4343293083	17.9061889004	22.7604787564	19.5679516236	20.4673499641	20.5953611478	19.9775184276	18.2743401964	17.9262103151	19.8046387763	20.5726978954	20.8252517144	20.0945630184	20.7137620455	17.0756356623	22.4185639599	20.755184738	19.0636410568	20.1682563871	20.8446388324	22.0498812989	19.4494780102	21.5336607844	21.8895076913	22.1295549039	20.1889470108	20.5483180131	18.0312155785	20.5427832367	20.5772454702	23.0858907943	22.0379895071	21.3392467711	20.831141319	16.8015885581	19.3863145942	19.515231793	20.4080101292	
20.2010721609	17.5349206596	18.7290494707	20.0244797441	21.9942381454	21.031047621	19.127539647	21.8331896707	19.7529662053	17.9403922877	20.6798214433	21.7731393498	19.2648065058	20.3677988836	19.1293722908	23.3357094087	32.447930138	20.8042376278	22.0360665295	19.424787248	21.7465758898	21.7110334759	20.9445033608	20.6611612841	19.6201892741	20.1011822968	20.0485203775	21.8078341412	22.7975123177	18.7052713744	21.6674655621	20.8647162499	18.6117278025	19.3295855583	20.2072212941	20.9593569105	17.4717132259	21.0318130687	20.6971471162	21.0599992817	19.7526939576	21.4135990026	20.520740812	20.1724956715	19.2710855454	21.8731583509	19.604505012	21.5065813607	24.4685932454	19.3414308486	19.7200439778	18.1694161229	20.1145080346	19.835513026	20.0814087795	20.2314191265	20.1814891295	20.0159378193	19.7431152394	18.9742846616	19.225043811	21.9824123906	22.34640315	18.7100929811	22.5827076428	19.4415947993	18.8820755263	22.5056547678	19.9227079033	19.191630179	16.9411849955	20.7241361956	20.4591761988	22.1542476383	17.887084291	20.2664133434	18.2405691855	21.745450578	21.046089828	18.4076219444	19.9179118401	20.7661553172	20.1822438291	18.3298862477	23.5243297819	21.3365709559	22.348470182	19.1030219204	21.1273951917	18.9886294488	19.8574286838	21.7544219404	22.5529193251	22.6750113273	21.59585316	20.0092234825	18.1370128027	18.5985115332	23.1630048834	19.9637756765	
21.0714546281	16.3868731702	17.486179641	20.3787916644	21.1440266334	19.8814448067	19.0528607761	19.2603342947	19.0388763499	17.3646324052	18.8793658593	21.4860321337	20.3588928262	18.2155744431	19.966931647	20.3919000815	20.8042376278	28.8852486749	19.8808341853	20.3544313349	18.7593481767	17.5672674047	18.9758827583	22.1889858807	20.7647794581	20.2117085577	19.4072353196	21.2853377656	21.277149502	19.3227039282	20.3724612547	19.9651735351	18.1854122064	20.9567475929	20.3565282198	21.0617394394	20.065378986	23.0697953565	21.5022182577	20.3038339097	19.1257301314	19.8208933925	19.7717343174	20.4859108144	18.2363418276	22.2816305059	20.6683685831	18.4500227064	24.0195761557	19.0761056191	19.4761206671	19.0925012587	20.6363155433	21.1772397588	20.1109433921	22.0138892437	20.9951285638	20.0314911469	20.2446335574	20.2654665747	20.7694217123	21.2703833876	19.9900178427	17.9598606677	21.5078519771	16.447492089	21.0799561638	20.4242305056	19.1154075068	18.7598256308	17.9282526441	19.952334307	19.5905851167	21.666282039	19.9003622447	20.0808062464	19.9228580735	21.4914328055	19.7402913067	20.164296441	19.0658093895	21.078448817	22.3682735497	19.3167820676	23.1163957585	21.1240255957	20.2577376508	18.7628094238	21.4781670114	19.0979867286	20.1074205435	21.149377924	24.5331447055	20.1593135232	20.741902328	19.3513213614	19.7376248925	18.3987163436	21.9282141464	19.7652692367	
22.8371939178	16.5142756707	17.9685735001	21.3839044207	21.4247999673	23.4254071094	21.2559795421	20.3445516317	19.5168621909	16.4566723483	22.9611980294	22.2989631064	19.036740512	18.0729950313	20.0174753494	21.7076345892	22.0360665295	19.8808341853	30.2392654476	19.2520776726	20.214208008	19.4084942887	20.0859202318	20.5756868841	20.7995751282	19.2305550416	19.2962913866	20.5706734879	22.4973576662	20.2175918735	20.7742080998	20.1810360525	18.6742733637	19.5726007664	21.8659274161	20.8813317841	20.256582417	23.3346886373	21.4900778975	21.3207919535	19.1762710446	21.0028823846	19.7253358501	19.988899101	15.6212291974	22.0758678217	19.1159121668	21.4727478308	25.7410671989	21.388182586	20.5243493356	20.0322451788	21.4469555499	21.2495707712	18.5715397089	20.6526372288	20.2967313992	18.9472220251	20.6111608351	18.4945263463	19.0808394773	19.4787396433	21.0860715664	19.4126492987	21.6977293259	17.2640410139	19.4612704562	20.3381020659	19.4004542257	18.1565914955	19.7658861176	21.1072810804	19.745655788	19.7169520021	18.0533923101	21.0010898959	19.6768098669	22.3202245083	21.7109252293	17.8216405977	19.6337661313	20.6015068809	21.9919159254	19.8062286831	23.336229895	22.0522465008	20.3311455911	20.7273788147	19.944201224	20.1942404106	20.603967353	22.6331848101	22.9193049855	21.97286511	19.8680540871	19.9509669517	17.2973217069	18.9018417468	21.5482432687	21.9343680563	
21.4666608079	17.1119417698	16.0144415074	19.4777746253	19.2593945599	19.6427005203	17.568099646	19.6317279219	17.7868395064	16.9872192746	19.4841051609	21.8857891072	18.5764617242	18.8838320119	18.3982379522	20.5030644496	19.424787248	20.3544313349	19.2520776726	27.1348469405	19.2824889161	17.3233558122	18.0501734166	20.4936632336	18.0723634154	20.7717007422	19.4655874079	18.8734215334	20.7719031949	18.2639374449	20.1617859672	20.5342982747	16.4601949466	17.5998333286	18.9565513162	20.9695203425	18.8565644021	21.141350897	19.6735696541	21.3147441431	19.9318769969	18.5184800569	18.9601774268	17.7701174869	17.8732466921	21.9189265738	18.3909020681	17.038179431	21.4528860938	17.2767603967	17.671330824	17.5259174958	19.3647451466	19.1520576807	19.3446373234	20.9705287352	19.9459383714	19.6225760492	18.3132000352	19.7268052279	19.4608242911	18.4039292154	18.8662549347	16.9899803577	19.2318387283	18.6081304942	17.9848694984	20.0185681231	18.9140367044	16.0120340727	16.7603403263	19.8324907348	17.1040908394	19.4389708036	17.8631171809	20.9576489288	17.6935463333	21.2556608271	19.2364396127	18.4563262862	19.7441571889	20.5341329607	21.5034872514	18.3802075568	22.8769281363	20.4215122964	20.3000898677	17.8486813824	18.0165109672	17.5195236322	19.0219012018	20.6258991842	23.0514484809	19.5714502488	19.1575000674	18.6861155453	17.9024225023	17.0941181646	20.3606598092	19.278278672	
22.2054579342	17.9524475982	20.18721582	18.3980207634	20.1588453698	22.9673259681	20.673816811	20.9208413448	19.7901368039	20.0498241473	20.9758940777	21.4370135231	21.210058463	21.5606434924	20.9109993358	22.8775616744	21.7465758898	18.7593481767	20.214208008	19.2824889161	30.7966973715	20.1405446033	20.5415660339	20.193726536	21.8321093006	21.4881471931	18.9012684871	23.1776847588	21.264576883	18.7137057037	21.0394523824	21.1413371676	19.597780797	19.1559832397	20.7747592473	19.564834468	19.6933192924	22.9333182676	21.6036891816	21.0816803574	19.4875432008	21.2250964496	19.6855299801	20.9981114495	19.0570945013	20.6937581023	19.2532850697	21.3000456654	24.0252387266	19.5649358348	21.350950596	19.5361232015	21.4924117272	19.8798678477	20.2096137707	22.1569243233	20.0768734596	21.5577072404	20.6141110305	20.8268935693	17.9440843049	20.2138516793	22.0940882184	19.9115939734	22.7161365313	19.0621798796	20.5299745167	22.2599703554	21.3641651305	18.637550104	18.3543075413	20.8225455347	19.5915442869	22.2025958394	20.2232533013	21.2073707069	16.9484525199	22.7339188582	22.7028231823	18.842062174	20.9897175864	21.8146287437	21.6986057345	20.7328920804	22.7497895841	21.9471215198	22.1837495958	20.8443758659	18.8085020374	21.3536169855	22.0725969661	23.5965688896	23.0128580949	22.9736244019	21.0396150432	19.2727592039	17.5581693553	20.7273966333	21.2244137394	20.6260057297	
18.6169415386	18.345203373	18.9054840559	18.1366139362	20.864798627	19.9890234137	18.4398844255	20.0903117609	19.3119979456	17.5656907533	18.8802268985	21.8905259577	18.6806140286	18.5940444631	18.0533637286	20.7031363959	21.7110334759	17.5672674047	19.4084942887	17.3233558122	20.1405446033	25.9496990804	19.4554031701	18.1798013882	19.361590986	18.294991525	18.1160021885	20.1805533171	18.0009051618	16.0133361517	19.7731045341	19.3253349287	15.5957658419	16.9461707341	19.0402987375	19.5105940009	16.6728395708	20.5039709008	20.8383505703	19.0872520637	16.9929419851	19.030701219	19.147681708	19.3591006098	16.7757864595	20.8687151299	16.3431451192	20.4054677902	22.4380181488	18.7894007981	17.5581177953	16.826504454	18.8887666508	18.6424737709	15.8032969809	19.0387610203	17.601740288	18.4549024118	19.1088762223	18.663993335	19.1859000348	20.4149789334	19.7301486066	17.885088931	20.3438576904	17.6426030063	18.4387294666	19.5974689463	17.5044116771	18.6087437459	15.397837887	17.7614535863	18.1757467608	18.458192405	16.8389414637	18.8217874291	15.4585867372	21.0912289378	20.9445298297	16.6967121053	18.2052986383	18.8255980049	18.7186676284	17.8215180315	21.7358208971	21.0985021765	20.6825690348	17.5881915472	16.8989688485	16.7845094	17.8485928836	20.1870999494	20.6646952674	22.1714662203	18.1108791632	16.5350388653	17.4168886869	17.8407024773	18.8433967988	19.9393389136	
20.4878532593	16.5916626671	16.5638449263	19.2969702354	20.2667978573	20.7348764422	17.3574806773	18.0814533646	17.3026308001	17.9822452977	19.6947750667	22.3086304413	20.5811423324	18.0947301841	20.0254917051	20.5590182126	20.9445033608	18.9758827583	20.0859202318	18.0501734166	20.5415660339	19.4554031701	29.1686719673	19.1794128147	20.7216306617	18.3209210684	18.9311473139	20.197906523	20.2514812578	18.660272461	20.2712250303	20.340331941	17.6291790044	18.9502936264	19.8270181284	20.567765522	17.6979474385	19.787640149	19.8918301195	19.2048479298	17.2976313399	19.4334934778	18.9393962874	21.0814361415	16.1900787622	22.2427715449	18.5117184315	19.5489642571	24.2843631185	20.6666593546	20.7031840297	18.5186733295	18.3188981559	18.8779968086	18.3996485454	20.5569251967	19.5123293246	17.4400096178	18.5261990962	19.6070618506	18.5811788061	20.1716019818	19.9920270459	16.8620719059	21.8007832868	17.4123986486	18.0857569534	21.444694395	18.9898151107	16.2404805067	17.8375157532	19.4969242955	19.8386724923	20.5126695345	16.9555059785	18.654930219	16.8146130658	21.6605789368	21.0556290107	17.6467821576	19.0893092281	21.0603615251	20.0373987017	18.998557608	22.3041876609	22.0366871609	19.307391255	18.5884204611	19.4583776283	16.8351805643	20.8718509662	20.0138431483	22.1573798276	21.2932746955	19.7948237273	19.7035033743	17.9372003241	17.5856291027	19.1255198945	18.1832537512	
22.8274739366	17.1244505797	17.4470006933	19.9450050983	20.1491351176	22.0687284523	19.4172586903	19.727968608	18.8866212892	16.5097890515	20.2321350787	23.1267553149	21.1187890262	20.5131189793	21.2630207192	20.192667741	20.6611612841	22.1889858807	20.5756868841	20.4936632336	20.193726536	18.1798013882	19.1794128147	30.6230391001	19.7462452428	20.8314067899	21.6040384768	22.0759423857	21.8926555857	20.0195785644	21.5317771894	19.9701274709	18.5710281536	20.2984663735	21.2395746773	20.9321144948	19.8190152656	22.7715342578	21.4483525155	20.5106652986	20.7566582966	20.601639431	18.7251754151	21.8884733101	18.3797544656	22.7573624022	21.8582256414	19.8022648618	23.5505846994	20.3320798661	20.2217495435	19.3111695717	20.2168724974	20.9275759154	21.5908281875	22.897515144	20.9943943014	21.2012198009	23.4270518799	21.293076221	19.6595641081	20.5370975476	21.9334016521	19.1598742426	22.1974302555	16.6950431263	18.6125453624	22.8921797047	18.3416016846	20.0281169903	18.4898941077	21.3403804166	19.99421355	22.5587075399	19.6515857589	20.5387783323	20.3552497345	22.5013322998	17.8411077832	21.4741789888	20.2289115299	21.3367704367	23.260332551	19.9746205611	24.746655693	23.133318294	20.8943001159	19.2747188042	21.6585418913	20.3257779781	22.1539977536	21.8344670849	23.9377009404	21.8747722894	20.8004766693	20.570254719	20.3797864076	18.4037167927	23.1807376692	21.2438621991	
22.7135006275	17.522433381	19.3171541789	18.5748835481	20.8583571674	20.8471507841	21.017063201	21.1245055088	19.1893605472	17.7059065071	21.5182724313	21.3675678146	21.4135377209	19.7312785159	20.061568033	19.2973351117	19.6201892741	20.7647794581	20.7995751282	18.0723634154	21.8321093006	19.361590986	20.7216306617	19.7462452428	30.2331586799	19.3488618992	18.5011619277	21.4841252839	21.0958676949	19.6663040409	19.6534042572	21.1057850505	18.624595323	20.9775887063	20.5372088411	21.0474047203	20.0197822744	22.376168743	21.4758652311	20.8839820102	19.8334408122	21.5221956125	19.7589962497	21.6733885489	18.3334115619	22.4376393632	19.4860177389	20.5943324805	25.2340934651	20.8249472511	18.5095494562	18.4750477627	21.0175147359	18.9615042159	19.2136409466	20.6374882496	20.5873944935	21.775337531	21.062699343	20.4239571323	19.2802657562	22.367278018	22.200144659	19.4813449404	23.7389448984	17.0405363496	20.4025615571	20.7414431705	18.7415750093	19.296995408	18.1331068145	21.2944267261	21.3257914827	20.8251025366	18.870146486	20.577270194	18.1635470822	22.4916320519	23.3516126682	19.2121203849	19.1207674985	23.0571278352	22.3234591385	19.0905271597	25.7827898873	20.6651638552	20.79947228	19.8018480996	19.8451360754	21.039855003	19.6437419719	22.3064666766	23.6474959953	23.1003899218	21.3634904497	19.0304494187	17.7554363734	19.38589893	20.2065945064	19.8078139104	
21.8225000228	16.636198428	19.2265918146	19.0527591166	19.8057835597	21.6428759569	19.2340475409	19.1641155431	18.9963667508	18.6865844917	19.2793700097	23.9704755503	18.8849504816	18.7937755704	19.708638504	21.5836580983	20.1011822968	20.2117085577	19.2305550416	20.7717007422	21.4881471931	18.294991525	18.3209210684	20.8314067899	19.3488618992	31.1016624753	18.9077849757	21.3204634383	19.4040027155	19.0705405928	19.3694009088	21.7537266685	19.3876043954	19.0087559953	18.8257392595	20.3109591032	19.896163219	22.9706857878	22.3017903781	19.8861609363	19.6228479534	19.5087544804	18.7796070688	21.7404213478	18.6134452403	21.4823486824	18.6422476414	18.0838550605	22.8005977931	21.8757357149	19.1357858716	17.8560917097	20.3070123241	20.5206453964	18.6162847115	22.6581176363	22.4795942403	21.6421844584	20.6756208853	21.4997649856	20.9324518132	19.3954685675	21.2602914822	18.5396057401	21.2312833488	17.2006874524	20.9402734296	18.4965706754	20.3063048206	18.4669146872	17.4865991372	21.1170649487	20.5004013617	20.1730315381	19.9143063784	20.0941234298	19.2520148661	23.2007758805	22.0797633613	20.30492892	19.7853353411	21.0229307481	22.1753117096	20.2554682759	22.4817442178	21.5854984347	21.229834949	20.4976776597	20.6421577766	17.8121452929	19.4823545069	19.2978901276	24.2934295138	19.6979333994	19.9495045296	21.5293363463	18.8802436046	19.4109901633	20.6512395344	20.5172431722	
20.4714906942	15.8014787592	14.9395663461	18.1175517938	18.9964053359	19.4654695072	19.6426590538	18.2331770095	17.285566127	15.6223690587	19.3919272343	20.3154690827	18.4052246322	16.7417483909	19.1825467389	18.168718471	20.0485203775	19.4072353196	19.2962913866	19.4655874079	18.9012684871	18.1160021885	18.9311473139	21.6040384768	18.5011619277	18.9077849757	27.7602751597	20.6375667879	18.8307637757	18.0894758247	19.6086572055	18.1900263855	16.6608042539	19.2794218121	18.0437900657	20.252437844	18.3508486911	19.1776079472	19.5839034447	19.9065096399	17.7324453624	18.6006024599	18.2199661055	19.4368449621	16.9196525957	20.0174648357	18.9989871036	19.0566454634	20.7584181249	18.6975787462	16.3917405795	17.3536889921	18.8222237224	18.4947153897	18.7104588487	19.7153134717	17.9192781861	17.0530999818	19.372493124	18.9518602632	17.7316232566	20.2215076222	20.7726244951	16.8001901056	20.0808075885	17.5235093292	18.9178518973	21.5938568935	18.0254443544	17.6598011354	17.2732839516	18.9222677283	18.2098151971	19.6863948224	17.2898007352	20.3346728726	18.8908256823	19.8937673329	20.1936231655	18.3102232865	18.8343931537	17.9693890019	20.9130079005	17.2681649029	21.1109104405	20.7003005665	18.7586199576	18.1137254589	17.9601560787	15.1268077697	18.9797528376	20.5858989277	21.9746917754	19.6858438953	17.8796485976	19.201511365	17.3029922715	17.3313573404	19.221184215	19.3259203795	
21.4734859399	17.7134061836	19.7493660712	19.169404533	20.9622653415	23.6116331357	21.7556130584	20.1254244566	19.951234921	18.5096713228	19.3306285799	22.398353604	20.232543177	19.6791601747	19.207275526	21.0102805552	21.8078341412	21.2853377656	20.5706734879	18.8734215334	23.1776847588	20.1805533171	20.197906523	22.0759423857	21.4841252839	21.3204634383	20.6375667879	31.6571741076	20.6416759459	18.3187358098	21.1360526646	20.3025683659	17.8196899698	18.5312663115	20.4488601393	21.2511942494	19.0686749216	22.7431293283	20.9903913403	22.1991593421	19.4885114803	23.3994750796	20.0982616288	21.5550379715	19.1310269034	21.9398915112	20.5903637466	20.5331135747	23.9090899595	21.5259012097	22.3301468622	19.9571868979	20.4326254286	21.1416289116	20.1111856301	22.2007896987	19.2806060282	21.8594324131	21.4895499835	20.6889405178	20.4974796268	22.5994594552	23.3036979648	19.6302906032	22.0923210056	18.2306993169	20.2396928794	21.0847606962	21.0272611733	19.7569951617	18.3893733667	21.7549936089	21.081072485	21.3907748062	18.6816390741	22.238808251	20.6715885025	21.8923593422	22.6900081106	20.4250534735	19.8156708784	20.9423808311	20.1510399434	21.0611453035	24.2484087865	21.2108329919	22.2458164331	19.3540359501	20.5807368341	20.0926987113	20.2946090137	24.3741443412	23.994574555	23.3651519089	21.4662891976	20.3169830682	17.4700278723	19.0443346784	20.4124278837	22.5203229076	
